145
66
71
84
109
28
71
73
70
63
73
33
131
66
71
33
107
45
18
2
13
20
63
71
46
49
53
73
66
126
60
134
74
71
34
71
140
62
25
17
4
18
7
13
66
6
6
12
14
7
14
8
56
140
28
22
140
57
53
20
17
3
69
145
25
6
51
37
72
144
72
73
6
75
22
138
140
72
62
6
139
71
72
24
144
72
70
70
142
139
141
137
71
144
71
146
31
31
39
68
69
53
0
33
70
1
0
57
51
143
2
21
73
74
138
143
141
73
70
70
38
3
3
48
2
1
36
70
3
24
9
87
5
6
2
50
2
45
0
0
1
56
0
0
36
0
0
1
0
0
3
0
1
9
1
0
6
8
17
0
3
1
1
0
1
0
0
0
37
2
0
16
0
0
3
0
0
4
0
2
81
5
1
23
11
0
0
0
0
2
0
20
0
0
0
0
31
0
0
1
27
45
22
0
6
64
0
1
14
0
3
2
0
0
2
12
67
34
14
36
68
18
10
1
8
6
109
2
1
0
5
82
6
4
1
0
0
21
153
0
0
3
2
2
14
0
7
9
1
70
72
36
27
110
18
0
4
0
6
0
0
0
1
0
0
0
0
0
0
0
1
2
0
0
59
67
29
108
1
54
39
6
42
11
6
46
16
12
1
57
0
1
46
1
18
10
16
4
1
1
11
94
10
7
27
1
9
18
1
3
7
46
11
13
1
5
2
0
0
4
38
2
0
3
31
13
4
3
1
1
0
2
1
0
0
0
0
0
0
2
12
1
2
1
1
52
57
2
2
21
5
1
26
32
34
35
65
128
52
55
26
66
0
3
0
0
1
27
11
4
16
0
1
0
0
0
0
1
1
0
6
0
0
3
0
0
1
0
0
0
0
0
0
1
0
1
5
0
0
17
244
5
6
107
29
1
39
62
141
35
43
43
2
87
1
1
1
0
0
0
7
2
0
11
1
137
41
0
6
2
0
0
0
7
0
0
2
90
4
36
3
2
2
2
77
17
0
1
30
8
0
0
0
2
0
0
0
0
1
0
0
0
0
0
0
0
108
51
47
0
3
0
2
0
0
0
4
0
0
0
0
0
0
0
5
1
41
35
19
2
0
0
20
0
0
13
59
36
107
34
19
60
56
52
1
6
3
9
0
96
12
4
0
65
10
0
2
1
13
2
2
0
41
7
7
4
7
1
0
0
0
0
0
0
0
11
2
1
0
21
34
36
24
21
0
0
48
0
0
46
13
3
15
34
4
5
6
36
0
31
0
2
57
2
0
40
0
2
91
23
2
1
2
0
3
0
0
0
0
0
0
0
0
0
0
3
45
1
15
1
0
13
0
6
1
32
16
63
23
13
117
4
62
46
44
96
13
40
50
14
27
7
0
1
0
0
14
50
16
5
8
1
1
38
0
1
43
30
3
1
4
19
1
0
13
1
1
21
1
0
1
0
0
0
0
0
13
0
0
26
0
59
1
11
0
0
2
0
2
0
0
38
90
32
81
4
38
8
100
1
11
8
49
2
3
3
7
0
1
3
1
0
3
1
0
1
66
10
2
14
0
45
1
5
38
0
4
0
0
3
1
0
0
2
1
0
0
0
0
0
1
0
1
0
0
0
0
0
6
0
0
0
0
0
1
0
1
15
14
67
9
17
62
24
0
15
0
4
1
1
0
0
0
0
4
4
1
1
0
52
15
35
0
