150
75
75
94
113
38
75
75
75
75
75
38
138
75
75
38
113
50
38
75
38
38
68
75
56
56
56
75
75
150
150
150
75
75
75
75
150
75
75
75
38
75
38
75
75
38
38
113
38
38
75
75
150
150
75
38
150
150
75
38
75
38
75
150
75
38
113
75
75
150
75
150
38
75
150
150
150
75
150
38
150
75
75
75
150
75
75
75
150
150
150
150
75
150
75
150
38
38
75
75
150
150
38
38
75
38
38
150
75
150
38
113
75
75
150
150
150
75
75
75
75
53
27
53
27
27
53
79
79
53
53
105
90
30
30
111
60
111
90
26
19
113
19
19
75
38
75
75
38
19
38
75
38
38
38
38
68
68
135
68
75
38
75
19
113
38
38
38
75
19
19
38
38
135
68
68
68
68
203
75
113
75
38
38
75
38
38
38
38
68
68
68
68
68
68
270
68
34
34
270
53
53
26
34
68
75
34
34
68
41
36
41
41
38
38
56
75
38
38
75
75
75
34
68
68
68
135
34
68
68
34
135
101
34
83
56
167
105
158
53
27
105
23
23
23
23
23
23
23
75
75
38
31
122
22
19
38
19
38
28
38
38
38
19
38
38
68
68
68
68
75
38
38
75
66
74
48
117
9
90
53
62
44
57
58
53
112
43
38
75
38
19
75
38
30
30
45
30
22
22
67
135
22
45
90
28
45
45
22
28
56
50
28
53
68
34
68
34
68
68
101
34
68
38
75
38
38
203
68
135
34
203
38
75
75
56
38
56
94
135
68
68
68
38
75
75
75
38
38
38
75
38
38
38
38
38
75
150
75
75
38
75
27
53
53
38
38
113
56
19
38
38
19
45
45
45
45
67
53
53
53
53
26
53
105
68
68
68
34
68
236
51
51
51
51
17
18
18
34
68
270
68
68
135
68
75
58
113
148
61
59
52
38
150
53
53
26
53
38
38
38
38
19
38
38
158
53
53
53
53
53
135
135
68
68
101
68
135
68
68
68
30
60
60
240
60
30
30
60
60
68
101
101
101
34
101
38
38
38
38
19
38
53
105
27
132
119
60
60
27
53
54
27
54
53
105
53
105
105
38
19
38
19
38
53
53
53
53
53
53
38
38
38
38
38
38
75
75
150
75
38
75
75
75
75
75
150
150
150
150
150
19
75
150
75
25
19
19
113
150
150
150
150
150
25
38
113
38
53
26
53
26
26
38
75
75
38
38
75
68
68
38
68
68
53
53
53
53
53
53
53
53
53
53
27
53
68
120
63
120
203
68
120
63
63
53
135
203
105
58
68
68
135
68
203
68
68
68
68
36
74
26
36
74
38
75
75
38
75
75
38
38
19
56
38
50
68
75
68
34
135
68
135
62
53
105
68
56
53
34
62
34
30
60
60
30
23
60
30
15
45
15
19
56
19
19
53
53
30
25
19
38
19
19
38
19
38
38
38
19
38
29
19
19
29
75
38
38
75
68
68
68
34
68
101
34
135
34
68
135
34
68
135
38
135
68
135
79
105
26
27
78
75
22
22
44
22
53
53
53
53
27
53
53
60
60
333
30
30
30
60
166
240
62
62
31
62
26
26
26
26
26
68
68
68
68
68
45
30
45
30
30
45
90
45
30
30
23
45
30
45
75
38
19
19
75
23
53
47
68
47
47
68
93
19
75
19
38
38
34
34
34
34
34
101
68
101
101
68
68
68
68
68
