5
9
4
10
4
10
4
2
5
12
2
5
7
9
4
5
6
5
20
73
25
18
5
4
10
7
3
2
9
24
90
16
1
4
41
4
10
13
50
58
34
57
31
62
9
32
32
101
24
31
61
67
94
10
47
16
10
93
22
18
58
35
6
5
50
32
62
38
3
6
3
77
32
0
128
12
10
3
88
32
11
4
3
51
6
3
5
5
8
11
9
13
4
6
4
4
7
7
36
7
81
97
38
5
5
37
38
93
24
7
36
92
2
1
12
7
9
2
5
5
37
50
24
5
25
26
17
9
76
29
44
18
85
24
28
61
58
66
90
26
18
57
19
19
39
38
75
74
38
19
35
75
37
29
37
38
62
60
118
68
72
37
74
19
112
38
38
38
38
17
19
22
38
135
65
68
68
64
203
73
32
70
37
15
64
38
38
38
38
66
68
48
68
68
68
270
37
34
34
269
26
8
4
34
62
11
34
33
54
41
33
39
41
38
36
44
8
4
24
39
7
57
24
67
60
62
26
32
67
68
29
53
95
30
82
56
167
84
5
53
27
102
21
21
9
23
16
14
22
5
3
2
4
12
4
19
34
19
32
28
38
38
37
19
38
38
68
68
68
68
74
36
38
75
7
7
19
9
8
36
14
56
2
46
52
7
96
31
37
18
38
18
29
37
12
20
29
26
21
21
56
41
12
38
63
27
36
27
21
25
49
4
17
40
67
29
66
34
68
64
63
32
68
35
44
25
34
200
67
134
34
201
37
75
75
56
38
56
94
133
56
67
66
37
74
23
18
36
36
17
70
37
12
6
4
3
10
22
23
20
12
9
27
50
53
38
37
86
45
15
22
38
18
45
45
45
45
66
52
53
47
53
26
50
105
68
67
68
34
68
236
51
51
50
51
16
13
18
34
51
26
63
62
28
39
74
19
51
7
26
16
9
36
63
52
52
25
53
38
38
31
36
19
27
37
21
12
53
47
51
53
135
135
61
68
101
66
45
64
32
65
28
58
58
163
43
30
29
30
52
68
101
101
99
34
101
38
38
37
38
19
38
53
105
27
132
11
9
13
27
50
54
25
54
53
105
49
105
105
38
19
38
19
38
48
52
12
18
34
51
38
38
18
38
38
25
16
39
43
41
19
15
19
23
74
69
147
141
150
54
138
15
75
85
65
25
17
18
100
148
148
150
109
143
18
34
106
37
53
26
53
26
26
38
75
64
36
37
75
47
34
2
44
47
53
53
5
53
53
7
40
50
38
19
23
48
62
84
63
89
203
66
63
61
63
13
135
201
14
35
66
67
133
68
200
68
68
68
68
36
74
26
36
74
38
72
30
37
60
74
38
25
19
50
37
18
52
12
45
21
18
64
73
16
9
9
55
16
3
20
35
27
30
59
60
30
9
10
14
10
37
14
18
18
19
18
10
23
27
24
15
19
18
19
25
18
37
17
37
19
37
29
19
19
29
75
25
38
75
42
68
9
33
57
101
34
133
34
66
135
34
30
45
6
54
64
97
71
5
25
16
70
26
20
19
41
15
53
52
50
52
27
50
52
60
59
267
20
28
16
60
121
239
57
24
31
58
26
26
23
25
26
68
66
67
68
68
45
30
45
29
30
44
90
45
30
30
23
39
30
45
75
38
19
18
75
22
38
33
1
38
30
6
69
19
60
19
34
37
33
34
34
34
34
97
64
100
100
68
16
53
33
68
